0.346476 
0.374362 0.664870 
0.557349 0.079157 3.710526 
3.192474 1.027228 0.891196 0.006722 
0.776545 1.902860 1.561002 0.517360 0.112028 
0.841893 0.158406 0.443065 3.792847 0.000006 2.320685 
4.037113 0.661209 1.866962 1.144918 1.465540 0.511489 0.573208 
0.394225 2.123760 5.845902 0.737868 1.084909 3.960964 0.270146 0.380762 
0.111350 0.099645 0.233216 0.005627 0.839533 0.089484 0.019520 0.021251 0.132153 
0.193017 0.307622 0.115495 0.009651 1.136538 0.584189 0.039838 0.048105 0.485901 4.915707 
0.481682 3.827872 1.926308 0.163314 0.021755 2.487895 0.768919 0.327002 0.534206 0.147053 0.136159 
0.610432 0.344033 0.452639 0.035659 1.624032 1.146169 0.103241 0.171164 0.364836 6.260678 7.738615 0.549401 
0.147278 0.035167 0.106276 0.018468 1.864906 0.047207 0.010268 0.086543 1.244539 0.927331 3.243633 0.016265 2.326533 
1.090575 0.181605 0.093658 0.386490 0.097655 0.462559 0.290152 0.568098 0.458437 0.043237 0.207460 0.198291 0.061027 0.067592 
6.243684 0.836138 5.633664 0.952131 6.398291 1.267404 0.430602 5.463144 1.088326 0.102127 0.193860 0.707365 0.438507 0.470620 1.534272 
2.847158 0.566364 2.984732 0.347047 3.711971 1.083181 0.495700 0.500029 0.642773 1.698955 0.402699 1.111399 2.483456 0.231119 0.685164 8.832473 
0.090983 0.369015 0.085583 0.046821 0.950521 0.183299 0.040785 0.391093 0.950288 0.075780 0.624335 0.041505 0.980672 3.915972 0.053806 0.299723 0.100663 
0.152848 0.170981 0.594708 0.106099 2.051641 0.121416 0.047614 0.064377 8.167042 0.195540 0.352598 0.069186 0.465779 15.178886 0.058255 0.405459 0.201603 4.035822 
2.140511 0.136453 0.145376 0.046174 4.011687 0.191618 0.192292 0.202844 0.174981 14.460840 2.175028 0.136317 2.393838 0.659302 0.418505 0.180248 3.585329 0.175143 0.281722 

0.121953 0.076798 0.032215 0.066765 0.006842 0.061304 0.131841 0.026596 0.020392 0.047287 0.087919 0.084679 0.020970 0.024145 0.025871 0.042103 0.038715 0.008346 0.023841 0.051421 