0.529263 
0.379476 0.612335 
0.516691 0.067732 4.012914 
3.774890 1.615176 0.888663 0.165810 
1.312262 2.913667 1.533683 0.442262 0.337571 
1.403437 0.154460 0.333334 3.815893 0.015567 3.743866 
1.272402 0.389317 1.243222 0.661976 0.554904 0.332656 0.319770 
0.558733 2.816641 4.803000 0.761339 1.223662 4.889028 0.323617 0.300981 
0.124057 0.155080 0.219635 0.019097 0.560959 0.100743 0.038076 0.005599 0.184752 
0.340362 0.580087 0.119838 0.015948 1.192857 1.156516 0.083154 0.031031 0.646292 7.873544 
0.706732 5.734632 1.847806 0.128114 0.050896 3.616626 1.131071 0.283950 0.643558 0.179831 0.224320 
1.056749 0.665355 0.399943 0.053900 1.893946 2.299714 0.168079 0.085094 0.556024 8.136055 14.213193 0.931689 
0.233961 0.079465 0.130295 0.016768 1.902244 0.077611 0.012655 0.048906 1.403178 1.581816 4.275863 0.036062 2.888633 
1.518830 0.252482 0.049484 0.171011 0.108909 0.501196 0.346600 0.058913 0.299924 0.073007 0.297573 0.249478 0.091619 0.068920 
5.595735 0.861017 3.749627 0.987083 4.952776 1.045071 0.463265 1.190738 0.897478 0.131753 0.265701 0.607097 0.399537 0.408758 0.993614 
2.157458 0.613623 1.733380 0.361861 2.145775 1.011592 0.523086 0.091023 0.450662 1.492403 0.408418 1.143233 2.378569 0.131777 0.381007 7.574340 
0.151895 0.544292 0.060182 0.043433 1.259614 0.228038 0.045082 0.134804 0.748147 0.134416 0.979277 0.038787 0.908253 4.850762 0.052415 0.249753 0.114232 
0.219509 0.243507 0.580103 0.130214 2.325021 0.196580 0.079660 0.037482 6.907609 0.299245 0.552917 0.067894 0.685250 19.404995 0.047839 0.323207 0.183044 4.704884 
3.049976 0.278740 0.134120 0.055382 4.149385 0.500946 0.435957 0.067170 0.214393 22.435652 2.883298 0.323886 3.369448 0.722571 0.315978 0.152899 2.423398 0.186495 0.303833 

0.076458 0.052393 0.055429 0.088634 0.007473 0.040671 0.080952 0.100192 0.025439 0.031730 0.053100 0.070835 0.014039 0.023159 0.087111 0.063636 0.055346 0.007033 0.023779 0.042590 