0.221750 
0.256487 0.595368 
0.447755 0.112310 7.769815 
4.893140 0.929131 1.061884 0.164472 
0.542660 2.886791 1.927072 0.497273 0.133291 
0.549459 0.290798 0.518264 5.393249 0.003776 4.326528 
5.411319 0.302948 0.907713 0.961651 1.249183 0.173873 0.316780 
0.283752 2.760038 5.159285 0.978418 0.737799 5.086066 0.421812 0.209276 
0.026683 0.053027 0.166715 0.016491 0.151942 0.055934 0.026726 0.001780 0.098605 
0.226816 0.251641 0.062256 0.015837 0.763554 0.537705 0.042909 0.032938 0.321607 3.217159 
0.235513 6.017300 2.543177 0.223507 0.023575 3.432847 1.211039 0.160545 0.671045 0.082221 0.106179 
0.992834 0.351969 0.415447 0.041511 1.271632 1.700679 0.111984 0.117596 0.326393 3.329162 7.496635 0.519821 
0.191967 0.041219 0.090517 0.014810 1.004694 0.042779 0.011177 0.040989 0.641267 0.813011 2.233318 0.023173 1.863238 
1.876507 0.395175 0.362650 0.550534 0.174031 0.731229 0.412907 0.205341 0.381717 0.011597 0.315127 0.393303 0.135360 0.043846 
6.066032 1.083228 5.612711 1.035540 4.263932 1.429211 0.766802 2.266299 1.074108 0.047896 0.147065 0.683291 0.352118 0.382422 1.462674 
1.827471 0.645132 1.883173 0.287521 1.395928 1.013709 0.781080 0.055140 0.512000 0.588357 0.142327 1.256445 1.435179 0.079647 0.417388 6.092548 
0.101419 0.452274 0.065206 0.034173 0.592031 0.164037 0.049674 0.183473 0.741383 0.069289 0.429275 0.050856 0.545447 2.178510 0.022770 0.304839 0.111242 
0.091914 0.112094 0.451176 0.108762 1.183567 0.132194 0.042952 0.030418 4.373360 0.122828 0.186938 0.096667 0.344096 8.276255 0.053251 0.325231 0.135310 2.597897 
1.970427 0.119016 0.091863 0.041044 1.750822 0.222903 0.225961 0.053387 0.123318 6.815243 1.427658 0.124284 1.427074 0.341263 0.127045 0.076658 1.052442 0.073165 0.101733 

0.062087 0.053435 0.023743 0.032063 0.013132 0.034151 0.061042 0.030664 0.022696 0.104732 0.099541 0.054991 0.022312 0.045996 0.025392 0.045673 0.072789 0.012691 0.043790 0.139079 